5037042684
6196188648
9288536564
9283081574
7192523756
2257730146
9286999116
9287746350
9288145784
9286075821
9282552323
9282552322
9288909909
9285259580
9288144687
9286996061
9283008555
9285260942
9283109142
9285922617

9288909767
9286076488
9285262525
5209096455
9285260110
9286003838
9282259554
6233775265
9286064435
9287074106
9286007753
9283012020
8140658
6022407102
9286070628
6232211252
9256428622
9286001327
9286994296
9282660906
9287737892
9285229239
7025761754
9282861337
9286074539
9286065314
9282260299
9285225666
9288531499
9283009659
9286063377
9282261443
9288631186
3078990479
9283108279
9283108279
9285223625
6024780900
9286994158
9288538220
9286352309
9286079065
9285928642
9285263451
9286063189
5058796750
9282267310
9282662418
52095405244
9282861087
9287730317
9288640741
9285224596
6024183704
9287743846
5204588368
9286354125
9283107202
6239771691
9287070017
9285264550
9287502293
9286077584
9286002585
9282427426

9288647246
6027704473
9288212360
9288141163
9286148175
9284762262

9282261916

9283108600
8592303778
9282200103
9282555905

9286073447
6232102254
988141600

9283108371
6027087218
9286999272
9287749486
9282730653
9288907091
9286065404
9287731426
9284772828
9285810986
4804881822
9287790204
9286790482
9283990302
9286007344
9288908010
4254322004
9712382812

9289787115
9284603210
9288561735
5204006650
9284482139
9285225872
9283107202
8607868318
9286995203
9285560013
9283807836
9287749423
9285251784
9285251784
9286993681
9287149579
9288907451
9286062144
9282205297
9285261124
9285262345
9286075599
9289253768
2082835406
9286005123
9282216457
8284062303
9286066608
9286069687
8594208082
9288647894
5202358209
9282205485
9282893947
3126850244
9288647598
9282131642
9282663371
9285261475
9282869373
9282660064
4809410137
9283803806
9283803806
9282266999
2093454677
9285251920
9282269637
9282660921
9282028921
9285259025
9282211886
9286001061
9283800362
9288908287
5095942449
9288909312
9286070137
9283801725
9286998237
9288631006
9287748252
9285251866
9288908030
9286351115
6023706743
9282139985


8056371595
9285273035
9286077449
9282261129
9286003146
9286995496
9287074314
9287791457
9285253035
5306135969
9285871870
9285252758
9287730431
9289780905
5202727682
9288532458
9286060503

9287743128
9286995405
9286068997
9285832879
9283805285
6239378921
9282660395
9285260143
9287742496
9287797196
9286352751
9282660817
9286916155
9287796301

8656967115
6023908774
9286990922
9285261671
9286996715
9286996715
9286996715
5202031616
9282216210
9286073365
9286005059
9285561543
9285561543
9282861414
9282553911
9287748040
9283014659
9287740666
4803806135
9288909809
6233772445
9285263379
9288909028
9286077869
9286993919
5226466
9286006944
9288638564
9283806282
7738962


9283806087
9285278086
9282251374
9286131593
9287791121
5260143
9286071287
9286007425
9288530171
9285262204
6029091534
4802770232
9287072133
9282009340


9288142211
9287730312
5052691730
9282140486
9288544263

9282557139
9285251520
9288560157
9285260902
9287731859
9287731859
9288149584
9286993354
9282219680
4803905112
4805448422
9287738686
9286073500
9285254317
9286071667
9288533594
9288533594
9285230723
9285264960
9286998816
9282212480
6026977269
9288142433
9288532749
9282669824
9288533800
9288630845
9205790400
9286998346
9282267252
9282252401
9282252401
9286078854
9285268336
9209807532
9282020941
9283807909
4022138463
9288533802
2088419129
9287071746
9287792047
9286376177

9286007147
9287140893
9288141067
9285278708
5204450996
9282250930
9284512420
6027409110
6236955862
9286066101
9283004891
9285251025
9282825031
9288143609
9288143609
4803279244
4802064227
5202259425
9288143217
4802363714
9286071070
9283805913
9282267472
9285224767
9286351425
9288532345
6025614143
3032171084
9283104829

6027991985
6029785785
3038829265
4804409515
9286070235
9288530867
9283864256
9286066638
9288539330
9286064161
9282552944
9287747361
9287796396
9288536626
9282660303
9285266690
9283809572

9285256092
9282260987
4807078719
9286359134
9286002170
9288533832
9287792282
4808251919
9289130100
6024746980
928830900
9286063175
9287079188
9287502993
9285375073
9285262355
9286994700
9288532868
9287794507
9286999671
8582312174
9287731940
9282217550
5207327181
9288537605
9288564332
9288146302
9288534131
5206035346
2094998848
9285262753
9287791698
8062523879
9285271129

9283803456
9283803456
9288531448
9286061884
9288149089
6233028137
6236985917
6027696636
9288537836
6023630217
9287796029
4809411123
9287738993
7202209818
9285254305
2089898386
9286078388
9288146171
4803435723
9285252355
9286061996
7609648846
7609484771
9283018640
9288533108
9288533108
9287103209
9286375155
9282028238
9282028238
9287743456
9286003145
9286008149
9282867784
9287741628
9286073075
9288536542
9285264435
9285875808
9285256119
9282251425
9282667099
6023199517
7743978
9282860011

9282400281
9286999961
9288143352
9288143353
9287731580
9283805611
9286069009
9286077313
9287796028
9287141466
9286006671
9285262114
9286073407
9286075440
9286997558
6023676444
9283778237
9288907322
9286993768
9286065826
9285236796
9288647392
9286075531
9286073892
9287793048
9288532191
2679786989
9287349358
9286992058
9286070234
3800504
9283800504
9285149915
9288534607
9285273275
7147323955
6023167940
9285251706
9285259192
9287791891
9282217122
2088667427
9283801901
9288648184
9284864044
6025681943
9288538501
9285220828
9286997761
9287747255
9287797299
6995180
9282141041
9282860461
9286004848
9286004848
9286351454
9285251724
9288140386
9286991282
9288560530
9286995790
9288649708
9283101364

4802028991
9288538778

9498422932
9283130368
9286990126


9285224380
6233630562
9282200767
9288536564
9285273110
9288561485
9282661894
9286998935
6233635490
9288142316
9286076492
9286992986
9286992986
9155396814
9287079856
9284224810
9283862987
9282665043
9287731408
5205918855
6024787954
9286072741
9285223902
9282663314
6023153600
9286002769
4027405616
9282213475

8053901281
9288534843
9288535951
6026141696
9286992575

9285261343
9285253446
9285253446
9286063445
5757708385
9285228068
9286071709
9288534835
9288532913
9286064500
9286007433
9286061182
9286079120
5203147120
9286000549
9288149779
4355923932
9782013172
9782013172
9282250947
9285278720
9288538609
9286992845
9288630784
9288142418
9288562929
9518525665
9288532124

6083352005
8143920106
9286995486
9285270258
6512353410
9282255210
6999561
9282660015
9288538609
9706184016
9282219863
4806887563
9286072749
9282660015
9098948511
9288148137
9286993227
9286994552
9283807671
9283100910
6025312248
9288536290
9282662785
9282454022
9288141441
945548537
7024179060
9283801824
9312209077
9286999966
6027080816
9288539083
9286990008
9285250046
9288534656
7203085358
2316704352
9286002407
9287073716
9285563131
9287749307
9282666073
7141481
6022146920
5203027057
9287793443
9283083639
9015734355
9288148013
9285254884
9288538530
9285273110
5209047002
9282260471
9288142848
9283809113
9285251161
9285251161
9288146423
9286999286
9287743685

9283108264
9282432881
9287743213
4802348024
9287799127
9286071554
9286065400
9286068668
6028856429
9286350473
6026970108
9286067231
9285149235
9282140232
9286060631
928791585
9282200474
9282864778
9282864778
7174399259
7174399259
9282259495
9285236587
9288148117
6022924190
5753023003
9288535216
9287790943
9283808122
2152643997
4807096358
9287796104
9286995406
2149948188
9287743211
6027172332
9282139797
9283108702
9286990350
7023799624
9285263401
9286999719
9288530023
9288142480
9288142480
9285262669
9283542264
6103536874

5204132911
6024184301
9286005931

9286064493

9285261747
9285224219
9289700041


9286079177
9285223124
9288140084
9288536241
9284868177
9072522031
9285262923
9286373224
9285220263
6025139006
9286359216
9282862284
8176929301
7609203311
9285228602
9286061060
9288530537
9282200802
9282200043
9282200043
9287792717
8018333326
9285270230
9287747512
9287747512
9287747512
6025105749
92886005
9282662971
9282131142
9282217497
9285251614
9282552808
9287791202
9288534799
9282889005
6054848421
9288142068
9282135293
5052054885
9016345400
7073276581
9286004089
9282140059
9285271284
9282252386
9287148065
7013889608
9285254574
9288538942
9286999137
9288538942
9288649833
9282139056
9288648293
6026167130
9285251072
9285278358
9283106495
9286993109
9282135846
9286072058
4806862092
4802666889

5207308653
6196071354
9288536953
9288146336
9288535119
9288535290
9283803889
9282267046

9286992880
8124803596
9288561401
6023324103
9283109721
9286994999
5206038255
9286079216
9286795379
9285254568
6023907320
9286990671
6023907320
5749042211
5749042211
9288143887
9283804225
9287743287
6025102889
9282553481
9287070073
9286998990
9288646386
9288646679
9282251216
9286004351
9282852845
9283016821 9283016560
9285270652
7148820232

9287141721
6027020186
9287792839
5095942449
9285264065
9286072249
9282662831
9286423879
9288538630
9285267914
9282661226
6234517970
9286075470
9288532898
9283790801
9287743450
9282212460
9283801725
9285251722
9282149122
9288569939
9287749677
9286061261
9288561221
9286060609
8054237375
9287739557
9285268384
2145021129
3039893869
9286065624
9288537880
9286999754
9282402451
9288148019
9286061349
9283108534
9287140500
9285951331
9285252898
9285252898
9286009500
9286009558
9285265086

6025418382
9285560958
5413311107
9288561114
9288539974
9287743185
9282422142
6026203105
6026203105
9282661162
9288535771
9288647042
9287738479
7738479
9282140303
9288907523
9285262351
9286001360
9286001367
9287792119
9287746249
4804525506
4804525506
9285236357
9288569793
9282862391
9283807129
9288143611
9283007838
9282255761
6025160211
9286068680
9288537232
9285228176
9288646892
9286071753
9286351314
9288537674
9286070955
9287744007
4802741160
6027086674
7028451414
9287748693
9282212297
9282252588
9287730661
9285271916
9285271916
9285271916
9285274901
6027109133
9286060256
9282842674
9283800135
9286065073
9286374522
9288630870
9288630870
9286373930
9282253901
6027230860
9285750455
9284868217
9286998340
9199719112
9282217838
9288909254
9286994272
9286998860
9283809684
9288536194
6303999496
9285545583
9286003424
9286993665
9288143480
8054034345

9287070714
9288631715
9288530831
9288536838
9285254655
9288904684
9282267575
9282267575
9286071706
6023011907
9287073115
9282267003
9282160316
9288149128
9286008218
6024223571
9286006372
9285252129
9288481837
9286997461
9285253245
9285259870
9282140072
9285276988
9287749443
9288907349
9286997749
5126536374
9283806652
5742384158
9283804189
9286076286
9282130155
9282130155
9285251012
9287796465
9282344332
9282344332
9286994830

9287793282
9288531198
9286066684
9286072784
9282558738
6024487507
9285271647
8056369115
9287746125
9286350896
9288144332
9286072987
9283108558
9288539634
9288538626
9286067346
9287799278
9286067472
9288630231
9286073606
4805104639
9282135296
9282309232
9283999667
9288216048
4808629074
9287743161
9288532023
9286072687
9288141046
9288141045
9282205282
9284511930
9282660828
9286071759
9288647617
3174300606
9288143971
5202083503
9283005304
8476410278


6237342599
5203656865

9286358901
8014409749
9283805206
9286060695
9286063470
9287744188
9285266975
9282000789
9288907030
9286998024
9282660167
9288146449
9285871031
9283033559
9284571409
9282661879
9282825610
9286005280
9288648748
9282665660
9285268445
9283990432
7192166699
4802017655
6028286226
9287737276
6028286226
4802275809
928773776

9286991940
9285227077
9288647431
9283803466
9287742950
9282216988
9286069475
9282212275
9284403339

9286996011
2132150991
9285560395
9288534706
9285228394

4806942122
9287140116
4802584993
9222552847
9286062522
9519705326
9283106641
9286007043
9288536607
9285271051
9283801781
9282255582
9286001978
9287739194
9286993461
9287795294

9283802599
9287140743
9286009522
9288533077

9286067355
9286991505
6232614701
9285274712
9286997541
9282553501
9286002518
6026224094
9285251325
9282148188
6025052000
6024481643
9283106327
9285254530
9283108003
3017855297
9285266729
9098029568
5203600761
9286076025
9287731172
9286992460
9287791199
6029030594
9286077859
4802295049
9287731121
9288908578
9288147211
6023165660
6026894724
9254379423
9288530676
9285220610
9283803842
9287791585
9286078196
9288148406
9287141127
9288535592
9283801972
9283801972
9285251418
9285268026
9288535142
9286991689
5202501818
9283102111
9286997198
9288533440
9288531014
9287739192
7606176244
9286996531
9286996531
9285335795
9282662220
5414080048
9282792683
9282660842
9286075082
9286006568
9288561003
6022924190
9287739151
9286074009
9285260371
9283803970
9282665284
9282139238
9285273179
9283109257


































































































































































































































































































































































































































































































































































































































































































































































































































































