29
17
18
47
116
23
13
26
14.5
10
22
17.5
36
83
46
107
46
121
15
71
36
44
16
93
8
99
20
52
30
76
26
105
32
28
13
164
25
0
29
16
139
11
13
28
33
31
31
41
8
7
41
25
16
40
13
30
0
13
19
7
33
12
67
30
11
16
28
54
8.5
90
3
24
41
50
24
90
16
85
27
12
75
30
0
70
10
19
0
14
23
0
43
13
28
0
28
57
21.5
7
67
0
21
43
49
7
33
105
33
28
45
20
106
89
63
30
71
58
103.5
1
42
73
49
14
16
186
30
19.5
40
22
50
50
33
26
30
22
33
132
26
0
26
28
50
25
34
21
34
22
30
20
70
17
25
56
93
50
15
21
26.5
132
127
67
66
14
93
83
69
27
78
27
31
16
85
29
128
57.5
56
29
29
2
159
13
30
23
14
39
50
11
10
23
22
8
12
-36
11
54
-38
103
63.5
41
38
44
25
38
68
38
23
17
11
15
17
31
11
43
13
44
0
3.5
98
2
28
40
146
25
19
3
60
4.5
7
35
24
12
12
11
35
24
13
36
70
18
25
77
24
8
129
13
25
23
20
59
49
81
125
12
-8
30
11
30
21
32
13
36
20
13
55
85
26
27
13
60
86
12
47
10
23.5
47
95
22
9
13
14
35
16
64
20
26
33
12
11
34
12
4
18
20
11
30
18
20
2
14
56
15
14
40
18
110
28
57
39
10
14
36
111
32
0
56
151
56
113
47.5
12
26
1
23
39
32
0
55
29
51
49
9
35
0
21
17
15
25
13
31
47
146
96
16
68
26
11
14
128
39
31
24
11
0
12
15
41
20
5
76
27
22
77
168
25
13
19
27
28
0
24
73
47
38
24
24
53
94
14
36
18
89
16
19
17
40
18
35
18
28
31
95
47
23
11
66
57
24
99
166
38
18
95
15
40
15
22
98
9
13
13
10
27
6.5
25
54
39
29
0
17
71
33
41
13
29
0
22
59
91
44
8
30
41
15
34
41
26
69
34
22
0
36
33
74
16
43
34
43
36
26
61
0
32
91
14
21
48
77
22
32.5
9
31
51
88
81
96
11
41
36
87
24
43
2
15
14
28
34
11
55
15
27
17
38
34
119
35
38
62
23
91
24.5
53
50
70
118
5
22.4
29
59
136
64
37
12
53
10
24
13
4
-92
33
16
20
21
22
14
25
13
63
70
30000
30
45.33
46
12
29
11
54
26
170
34
11
13
59
26
197
4
7
56
30
30
19
16
52
23
37
20
38
13
15
10
11
56
35
22
18
13
10
23
8
62
25
0
17
105
16
26
5.5
85
6
34
118
47
50
0
12
16
20
0
10
42
15
18
20
13
50
50
31
100
12
31
77
35
9
91
15
56.25
27
8
0
13
42
5
37
-31
54
13
12
22
53
23
23
73
49
118
10
4
34
12.8
36
38
41
82
74
17
14
67
24
2
41
16
21
56
80
26
52
21
27.5
57
14
10
15
21
2
48
100
14
54
95
74
40
84
38
7
57
48
58
35
24
14
96
20
-52
9
18
33
59
18
53
24
24
10
12
11
19
11
30
63
77
0
41
6
52
50
143
60
61
87
39.5
30
39
26
22
33
56
-59
46
41
79
14
0
15
16
53
13
48
22
24
4
65
12
8
48
24
13
54
0
25
19
25
29
0
23
52
7
31
36
17
0
54
11
0
0
47
28
0
26
48
0
12
18
60
0
24
10
0
0
0
110
61
3
12
46
44
37
137
49
33
25
17
11
16
16
0
34
8
22
26
13
30
28
10
16
14
13
11
46
9
10
42
11
14
19.8
25
39
20
85
37
10
16
30
30
15
51
30
16
16
2
64
22
49
20
42
17
7
11
39
19
103.25
36
18
11
10
0
30
13
56
56
16
20
8
26
82
13
73
23
24
119
22
114
48
74
13
28
100
93
15
56
0
31
43
70
10
118
29
57
12
27
19
21
4
72
13
29
41
25
42
1
27
22
12
15
20
11
28
12
33
12.8
103
47
25.5
13
25
24
14
57
44
21
7
15
9
27
12
74
36
18
33
13
14
16.25
36
6
41
28
20
-26
10
59
54
80
11
23
34
108
27
26
16
52
15
28
15
25
0
26
50
39
0
20
10
15
39
82
81
68
39
45
51.5
65
26
16
24
47
28
13
40
4
13
11
29
24
78
37
13
80
42
22
46
72
32
15
19
20
0
49
25
114
0
2
27
50
52
62
17
64
19
23
16
45
2
14
64
8
43
38
59
13
13
9
35
16
14
14
11
32
32
27
0
12
9
24
39
12
45
16
35
115
28.5
15
10
50
33
161
87
23
26
18
9
25
107
12
68
1
26
17
23
30
74
21
53
10
6
27
70
64
140
22
7
0
12
32.5
39
84
26
45
9
23
179
12
38
0
56
15
13
75
10
48
21
208
110
105
22
4
49
17
34
59
97
81
15
18
19
117
31
32
29
32
98
23
32
0
29
23
15
106
108
25
10
145
29.75
91
25
25
67
81
45
18
14.5
13
30
14
49
11
0
23
16
27
34
0
14
45
13
11
13
20
85
15
30
39
4
27
0
0
92
15
11
50
7
120
58
68
178
118
22.5
18
59
10
206
13
10
5
0
15
15
10
25
147
15
17
50
0
15
35
32
73
20
175.5
54
28
24
35
26
12
15
59
6
66.33
16
129
0
57
13
22
25
43
11
49
92
9
34
53
0
0
0
0
0
0
0
0
0
0
0
0
0
0
0
0
0
0
0
0
0
0
0
0
0
0
0
0
0
0
0
0
0
0
0
0
0
0
0
0
0
0
0
0
0
0
0
0
0
0
0
0
0
0
0
0
0
0
0
0
0
0
0
0
0
0
0
0
0
0
0
0
0
0
0
0
0
0
0
0
0
0
0
0
0
0
0
0
0
0
0
0
0
0
0
0
0
0
0
0
0
0
0
0
0
0
0
0
0
0
0
0
0
0
0
0
0
0
0
0
0
0
0
0
0
0
0
0
0
0
0
0
0
0
0
0
0
0
0
0
0
0
0
0
0
0
0
0
0
0
0
0
0
0
0
0
0
0
0
0
0
0
0
0
0
0
0
0
0
0
0
0
0
0
0
0
0
0
0
0
0
0
0
0
0
0
0
0
0
0
0
0
0
0
0
0
0
0
0
0
0
0
0
0
0
0
0
0
0
0
0
0
0
0
0
0
0
0
0
0
0
0
0
0
0
0
0
0
0
0
0
0
0
0
0
0
0
0
0
0
0
0
0
0
0
0
0
0
0
0
0
0
0
0
0
0
0
0
0
0
0
0
0
0
0
0
0
0
0
0
0
0
0
0
0
0
0
0
0
0
0
0
0
0
0
0
0
0
0
0
0
0
0
0
0
0
0
0
0
0
0
0
0
0
0
0
0
0
0
0
0
0
0
0
0
0
0
0
0
0
0
0
0
0
0
0
0
0
0
0
0
0
0
0
0
0
0
0
0
0
0
0
0
0
0
0
0
0
0
0
0
0
0
0
0
0
0
0
0
0
0
0
0
0
0
0
0
0
0
0
0
0
0
0
0
0
0
0
0
0
0
0
0
0
0
0
0
0
0
0
0
0
0
0
0
0
0
0
0
0
0
0
0
0
0
0
0
0
0
0
0
0
0
0
0
0
0
0
0
0
0
0
0
0
0
0
0
0
0
0
0
0
0
0
0
0
0
0
0
0
0
0
0
0
0
0
0
0
0
0
0
0
0
0
0
0
0
0
0
0
0
0
0
0
0
0
0
0
0
0
0
0
0
0
0
0
0
0
0
0
0
0
0
0
0
0
0
0
0
0
0
0
0
0
0
0
0
0
0
0
0
0
0
0
0
0
0
0
0
0
0
0
0
0
0
0
0
0
0
0
0
0
0
0
0
0
0
0
0
0
0
0
0
0
0
0
0
0
0
0
0
0
0
0
0
0
0
0
0
0
0
0
0
0
0
0
0
0
0
0
0
0
0
0
0
0
0
0
0
0
0
0
0
0
0
0
0
0
0
0
0
0
0
0
0
0
0
0
0
0
0
0
0
0
0
0
0
0
0
0
0
0
0
0
0
0
0
0
0
0
0
0
0
0
0
0
0
0
0
0
0
0
0
0
0
0
0
0
0
0
0
0
0
0
0
0
0
0
0
0
0
0
0
0
0
0
0
0
0
0
0
0
0
0
0
0
0
0
0
0
0
0
0
0
0
0
0
0
0
0
0
0
0
0
0
0
0
0
0
0
0
0
0
0
0
0
0
0
0
0
0
0
0
0
0
0
0
0
0
0
0
0
0
0
0
0
0
0
0
0
0
0
0
0
0
0
0
0
0
0
0
0
0
0
0
0
0
0
0
0
0
0
0
0
0
0
0
0
0
0
0
0
0
0
0
0
0
0
0
0
0
0
0
0
0
0
0
0
0
0
0
0
0
0
0
0
0
0
0
0
0
0
0
0
0
0
0
0
0
0
0
0
0
0
0
0
0
0
0
0
0
0
0
0
0
0
0
0
0
0
0
0
0
0
0
0
0
0
0
0
0
0
0
0
0
0
0
0
0
0
0
0
0
0
0
0
0
0
0
0
0
0
0
0
0